m_boneIDs = 
    [
        "root_motion",
        "pelvis",
        "spine_0",
        "spine_1",
        "spine_2",
        "spine_3",
        "neck_0",
        "head_0",
        "clavicle_L",
        "arm_upper_L",
        "arm_lower_L",
        "hand_L",
        "clavicle_R",
        "arm_upper_R",
        "arm_lower_R",
        "hand_R",
        "leg_upper_L",
        "leg_lower_L",
        "ankle_L",
        "leg_upper_R",
        "leg_lower_R",
        "ankle_R",
        "wpnPivot",
        "wpn",
        "wpnHand_L",
        "wpnHand_R",
        "wpnTip",
        "wpnEnd",
        "finger_middle_meta_L",
        "finger_middle_0_L",
        "finger_middle_1_L",
        "finger_middle_2_L",
        "finger_pinky_meta_L",
        "finger_pinky_0_L",
        "finger_pinky_1_L",
        "finger_pinky_2_L",
        "finger_index_meta_L",
        "finger_index_0_L",
        "finger_index_1_L",
        "finger_index_2_L",
        "finger_thumb_0_L",
        "finger_thumb_1_L",
        "finger_thumb_2_L",
        "finger_ring_meta_L",
        "finger_ring_0_L",
        "finger_ring_1_L",
        "finger_ring_2_L",
        "attachHand_L",
        "finger_middle_meta_R",
        "finger_middle_0_R",
        "finger_middle_1_R",
        "finger_middle_2_R",
        "finger_pinky_meta_R",
        "finger_pinky_0_R",
        "finger_pinky_1_R",
        "finger_pinky_2_R",
        "finger_index_meta_R",
        "finger_index_0_R",
        "finger_index_1_R",
        "finger_index_2_R",
        "finger_thumb_0_R",
        "finger_thumb_1_R",
        "finger_thumb_2_R",
        "finger_ring_meta_R",
        "finger_ring_0_R",
        "finger_ring_1_R",
        "finger_ring_2_R",
        "attachHand_R",
        "ball_L",
        "attachFoot_L",
        "ball_R",
        "attachFoot_R",
        "wpnAimIntent",
        "attachWorld",
    ]
    m_parentIndices = 
    [
        -1, 0, 1, 2,
        3, 4, 5, 6,
        5, 8, 9, 10,
        5, 12, 13, 14,
        1, 16, 17, 1,
        19, 20, 0, 22,
        23, 23, 23, 23,
        11, 28, 29, 30,
        11, 32, 33, 34,
        11, 36, 37, 38,
        11, 40, 41, 11,
        43, 44, 45, 11,
        15, 48, 49, 50,
        15, 52, 53, 54,
        15, 56, 57, 58,
        15, 60, 61, 15,
        63, 64, 65, 15,
        18, 18, 21, 21,
        0, 0,
    ]
    m_parentSpaceReferencePose = 
    [
        [
            0.0, 0.0, 0.0, 1.0,
            0.0, 0.0, 0.0, 1.0,
        ],
        [
            -2.85355, 0.0, 42.824821, 1.0,
            -0.5, -0.5, -0.5, 0.5,
        ],
        [
            0.9342, 0.090508, 0.0, 1.0,
            0.0, 0.0, -0.057703, -0.998334,
        ],
        [
            4.066372, 0.0, 0.0, 1.0,
            -0.0, -0.0, 0.058611, -0.998281,
        ],
        [
            4.74408, 0.0, 0.0, 1.0,
            0.0, 0.0, 0.091531, -0.995802,
        ],
        [
            6.347767, 0.0, 0.0, 1.0,
            0.0, 0.0, -0.121878, -0.992545,
        ],
        [
            6.515213, 0.0, 0.0, 1.0,
            0.0, 0.0, -0.121743, -0.992562,
        ],
        [
            5.762161, 0.0, 0.0, 1.0,
            -0.0, -0.0, 0.151078, -0.988522,
        ],
        [
            4.311546, 3.005292, 1.270492, 1.0,
            -0.161137, 0.760068, 0.166789, -0.607052,
        ],
        [
            6.799916, 0.0, 0.0, 1.0,
            -0.164683, 0.298595, -0.201597, -0.918193,
        ],
        [
            11.786945, 0.0, 0.0, 1.0,
            0.0, 0.0, -0.199862, -0.979824,
        ],
        [
            11.082531, 0.0, 0.0, 1.0,
            -0.694286, 0.051539, -0.009467, -0.717789,
        ],
        [
            4.311554, 3.005296, -1.270492, 1.0,
            0.760068, 0.161138, 0.607052, 0.166789,
        ],
        [
            -6.799914, 0.0, 0.0, 1.0,
            0.164683, -0.298595, 0.201597, 0.918193,
        ],
        [
            -11.786945, 0.0, 0.0, 1.0,
            0.0, 0.0, -0.199862, -0.979824,
        ],
        [
            -11.082502, 0.0, 0.0, 1.0,
            -0.694286, 0.051539, -0.009467, -0.717789,
        ],
        [
            -3.771385, 0.913482, 3.694229, 1.0,
            0.018703, -0.130714, 0.991196, 0.009761,
        ],
        [
            17.902954, 0.0, 0.0, 1.0,
            0.0, 0.0, -0.064233, -0.997935,
        ],
        [
            16.937241, 0.0, 0.0, 1.0,
            0.832059, -0.55433, -0.017848, -0.008788,
        ],
        [
            -3.771435, 0.913479, -3.694233, 1.0,
            0.130714, 0.018703, 0.009761, -0.991196,
        ],
        [
            -17.902935, 0.0, 0.0, 1.0,
            -0.0, 0.0, -0.064233, -0.997935,
        ],
        [
            -16.937199, 0.0, 0.0, 1.0,
            0.832059, -0.55433, -0.017848, -0.008789,
        ],
        [
            -3.471691, 0.0, 58.781685, 1.0,
            0.5, 0.5, 0.5, 0.5,
        ],
        [
            0.0, 0.0, 15.0, 1.0,
            -0.5, -0.5, -0.5, 0.5,
        ],
        [
            0.0, 6.0, -4.0, 1.0,
            0.5, 0.5, 0.5, 0.5,
        ],
        [
            0.0, -6.0, -4.0, 1.0,
            0.5, 0.5, 0.5, 0.5,
        ],
        [
            6.0, 0.0, 0.0, 1.0,
            0.5, 0.5, 0.5, 0.5,
        ],
        [
            -6.0, 0.0, 0.0, 1.0,
            0.5, 0.5, 0.5, 0.5,
        ],
        [
            1.297306, -0.135948, -0.26939, 1.0,
            -0.025285, -0.002946, 0.037283, -0.998981,
        ],
        [
            2.806461, 0.0, 0.0, 1.0,
            0.005613, 0.002772, -0.191746, -0.981425,
        ],
        [
            1.918005, 0.0, 0.0, 1.0,
            -0.001556, -0.002175, -0.180642, -0.983545,
        ],
        [
            1.518158, 0.0, 0.0, 1.0,
            -0.005684, 0.003187, -0.095612, -0.995397,
        ],
        [
            1.281269, 0.261662, 0.998386, 1.0,
            0.146665, 0.158076, 0.000452, -0.976474,
        ],
        [
            2.170193, 0.0, 0.0, 1.0,
            0.044727, 0.013636, -0.127411, -0.990747,
        ],
        [
            1.674185, 0.0, 0.0, 1.0,
            0.000762, -0.004534, -0.154057, -0.988051,
        ],
        [
            0.826366, 0.0, 0.0, 1.0,
            -0.022723, 0.00872, -0.037434, -0.999003,
        ],
        [
            1.193604, -0.082035, -0.9668, 1.0,
            -0.130262, -0.094137, 0.05001, -0.985733,
        ],
        [
            2.866398, 0.0, 0.0, 1.0,
            0.060116, 0.028898, -0.213638, -0.974633,
        ],
        [
            1.907242, 0.0, 0.0, 1.0,
            -0.000157, -0.00034, -0.183947, -0.982936,
        ],
        [
            1.301552, 0.0, 0.0, 1.0,
            -0.001266, 0.000587, -0.055864, -0.998437,
        ],
        [
            1.257086, 0.625233, -1.296866, 1.0,
            -0.628705, -0.355966, 0.062061, -0.688598,
        ],
        [
            1.855919, 0.0, 0.0, 1.0,
            0.002237, 0.003728, -0.212866, -0.977072,
        ],
        [
            1.477184, 0.0, 0.0, 1.0,
            0.005869, -0.004886, -0.142147, -0.989816,
        ],
        [
            1.281292, -0.028286, 0.35086, 1.0,
            0.000305, 0.072054, 0.013037, -0.997316,
        ],
        [
            2.543661, 0.0, 0.0, 1.0,
            0.043683, 0.019677, -0.182084, -0.982115,
        ],
        [
            1.880657, 0.0, 0.0, 1.0,
            0.000088, 0.000169, -0.204232, -0.978922,
        ],
        [
            1.322529, 0.0, 0.0, 1.0,
            0.000744, -0.000314, -0.020442, -0.999791,
        ],
        [
            3.907375, 1.200504, -0.209388, 1.0,
            0.5355, -0.521241, 0.499914, -0.43776,
        ],
        [
            -1.297319, 0.13599, 0.269382, 1.0,
            -0.025285, -0.002946, 0.037283, -0.998981,
        ],
        [
            -2.806509, 0.0, 0.0, 1.0,
            0.005613, 0.002772, -0.191746, -0.981425,
        ],
        [
            -1.91799, 0.0, 0.0, 1.0,
            -0.001556, -0.002175, -0.180642, -0.983545,
        ],
        [
            -1.518127, 0.0, 0.0, 1.0,
            -0.005684, 0.003187, -0.095612, -0.995397,
        ],
        [
            -1.281263, -0.2617, -0.998369, 1.0,
            0.146665, 0.158076, 0.000451, -0.976474,
        ],
        [
            -2.170164, 0.0, 0.0, 1.0,
            0.044727, 0.013636, -0.127411, -0.990747,
        ],
        [
            -1.674263, 0.0, 0.0, 1.0,
            0.000762, -0.004534, -0.154057, -0.988051,
        ],
        [
            -0.826344, 0.0, 0.0, 1.0,
            -0.022723, 0.008721, -0.037434, -0.999003,
        ],
        [
            -1.193583, 0.082005, 0.966818, 1.0,
            -0.130262, -0.094137, 0.05001, -0.985733,
        ],
        [
            -2.866446, 0.0, 0.0, 1.0,
            0.060116, 0.028898, -0.213638, -0.974633,
        ],
        [
            -1.90728, 0.0, 0.0, 1.0,
            -0.000157, -0.00034, -0.183948, -0.982936,
        ],
        [
            -1.301514, 0.0, 0.0, 1.0,
            -0.001266, 0.000587, -0.055864, -0.998437,
        ],
        [
            -1.257113, -0.625229, 1.296869, 1.0,
            -0.628705, -0.355966, 0.062061, -0.688598,
        ],
        [
            -1.855963, 0.0, 0.0, 1.0,
            0.002237, 0.003728, -0.212866, -0.977072,
        ],
        [
            -1.477154, 0.0, 0.0, 1.0,
            0.005869, -0.004886, -0.142147, -0.989816,
        ],
        [
            -1.281326, 0.02829, -0.35086, 1.0,
            0.000305, 0.072054, 0.013037, -0.997316,
        ],
        [
            -2.543646, 0.0, 0.0, 1.0,
            0.043683, 0.019677, -0.182084, -0.982115,
        ],
        [
            -1.880669, 0.0, 0.0, 1.0,
            0.000088, 0.000169, -0.204232, -0.978922,
        ],
        [
            -1.322548, 0.0, 0.0, 1.0,
            0.000744, -0.000314, -0.020442, -0.999791,
        ],
        [
            -3.907393, -1.200569, 0.209377, 1.0,
            -0.437761, 0.499914, 0.521241, -0.5355,
        ],
        [
            6.329631, 0.0, 0.0, 1.0,
            -0.0, 0.0, 0.247621, 0.968857,
        ],
        [
            -0.523544, -5.22342, -0.009176, 1.0,
            0.180031, -0.688685, -0.170094, -0.681447,
        ],
        [
            -6.32964, 0.0, 0.0, 1.0,
            -0.0, -0.0, -0.247621, -0.968857,
        ],
        [
            0.523541, 5.223426, 0.009179, 1.0,
            0.677031, 0.168939, -0.693027, 0.181114,
        ],
        [
            0.0, 0.0, 0.0, 1.0,
            0.5, 0.5, 0.5, 0.5,
        ],
        [
            0.0, 0.0, 0.0, 1.0,
            0.5, 0.5, 0.5, 0.5,
        ],
    ]
    m_modelSpaceReferencePose = 
    [
        [
            0.0, 0.0, 0.0, 1.0,
            0.0, 0.0, 0.0, 1.0,
        ],
        [
            -2.85355, 0.0, 42.824821, 1.0,
            0.5, 0.5, 0.5, -0.5,
        ],
        [
            -2.763044, 0.0, 43.759026, 1.0,
            -0.528018, -0.470316, -0.470316, 0.528018,
        ],
        [
            -2.294545, 0.0, 47.798317, 1.0,
            -0.499545, -0.500455, -0.500455, 0.499545,
        ],
        [
            -2.30318, 0.0, 52.542385, 1.0,
            -0.451641, -0.544078, -0.544078, 0.451641,
        ],
        [
            -3.47169, 0.0, 58.781677, 1.0,
            -0.514585, -0.484977, -0.484977, 0.514585,
        ],
        [
            -3.086063, 0.0, 65.285461, 1.0,
            -0.5698, -0.418722, -0.418722, 0.5698,
        ],
        [
            -1.364972, 0.0, 70.784592, 1.0,
            -0.5, -0.5, -0.5, 0.5,
        ],
        [
            -0.216458, 1.2705, 62.907776, 1.0,
            -0.517187, -0.849501, 0.089034, -0.054205,
        ],
        [
            -3.338697, 7.179969, 61.655304, 1.0,
            -0.628476, -0.644895, 0.365151, -0.236205,
        ],
        [
            -4.499112, 14.701232, 52.6544, 1.0,
            0.744686, 0.506275, -0.310576, 0.30442,
        ],
        [
            -1.235771, 20.96221, 44.11195, 1.0,
            0.734668, 0.125031, -0.609926, -0.269484,
        ],
        [
            -0.216458, -1.270483, 62.907784, 1.0,
            -0.089035, 0.054205, -0.517187, -0.849501,
        ],
        [
            -3.33869, -7.179947, 61.655285, 1.0,
            0.365151, -0.236205, 0.628476, 0.644895,
        ],
        [
            -4.499112, -14.701201, 52.654366, 1.0,
            0.310576, -0.304419, 0.744686, 0.506275,
        ],
        [
            -1.235771, -20.9622, 44.111958, 1.0,
            0.609926, 0.269483, 0.734668, 0.125031,
        ],
        [
            -1.940069, 3.694237, 39.053436, 1.0,
            0.556484, -0.416008, -0.565426, -0.444473,
        ],
        [
            -1.681181, 4.403716, 21.166428, 1.0,
            -0.528613, 0.450894, 0.592808, 0.407236,
        ],
        [
            -3.535027, 4.507521, 4.331266, 1.0,
            -0.664054, -0.254111, 0.094622, -0.696783,
        ],
        [
            -1.940069, -3.694222, 39.053387, 1.0,
            -0.565426, -0.444473, -0.556484, 0.416008,
        ],
        [
            -1.681179, -4.403702, 21.166384, 1.0,
            -0.592808, -0.407236, -0.528613, 0.450894,
        ],
        [
            -3.535027, -4.507503, 4.331263, 1.0,
            -0.094623, 0.696783, -0.664054, -0.254111,
        ],
        [
            -3.471691, 0.0, 58.781685, 1.0,
            0.5, 0.5, 0.5, 0.5,
        ],
        [
            11.528309, 0.0, 58.781685, 1.0,
            0.0, 0.0, 0.0, -1.0,
        ],
        [
            11.528309, 6.000004, 54.781685, 1.0,
            0.5, 0.5, 0.5, 0.5,
        ],
        [
            11.528309, -5.999996, 54.781685, 1.0,
            0.5, 0.5, 0.5, 0.5,
        ],
        [
            17.528309, 0.0, 58.781685, 1.0,
            0.5, 0.5, 0.5, 0.5,
        ],
        [
            5.528309, 0.0, 58.781685, 1.0,
            0.5, 0.5, 0.5, 0.5,
        ],
        [
            -0.664953, 21.673376, 43.14114, 1.0,
            -0.72424, -0.136078, 0.600254, 0.310893,
        ],
        [
            0.015211, 23.274, 40.938503, 1.0,
            -0.736961, 0.001089, 0.64996, 0.185579,
        ],
        [
            0.312695, 23.733614, 39.100292, 1.0,
            -0.725762, 0.135612, 0.671184, 0.06626,
        ],
        [
            0.40719, 23.569809, 37.593956, 1.0,
            -0.70694, 0.207984, 0.675973, 0.006339,
        ],
        [
            -1.94781, 21.646358, 42.795956, 1.0,
            -0.660437, -0.254474, 0.69325, 0.135905,
        ],
        [
            -2.144659, 22.784761, 40.958828, 1.0,
            -0.683375, -0.200833, 0.701775, 0.01331,
        ],
        [
            -2.254558, 23.275574, 39.361984, 1.0,
            -0.709341, -0.093629, 0.692189, -0.094572,
        ],
        [
            -2.234546, 23.277151, 38.535862, 1.0,
            0.708251, 0.050429, -0.696271, 0.105087,
        ],
        [
            -0.024069, 21.406057, 43.27475, 1.0,
            -0.740246, -0.055169, 0.534874, 0.403611,
        ],
        [
            1.184782, 22.877783, 41.132561, 1.0,
            -0.742061, 0.060557, 0.625608, 0.233008,
        ],
        [
            1.585102, 23.262417, 39.307903, 1.0,
            -0.718436, 0.196202, 0.657532, 0.114049,
        ],
        [
            1.661001, 23.090696, 38.019966, 1.0,
            -0.705822, 0.236795, 0.663049, 0.078162,
        ],
        [
            0.205676, 20.775806, 42.870766, 1.0,
            0.545818, -0.3477, -0.220359, -0.729814,
        ],
        [
            1.43261, 20.668318, 41.482414, 1.0,
            -0.460101, 0.452701, 0.373472, 0.666249,
        ],
        [
            1.892252, 20.788078, 40.083675, 1.0,
            -0.3968, 0.514556, 0.464783, 0.601464,
        ],
        [
            -1.281819, 21.727507, 43.02668, 1.0,
            -0.6872, -0.153876, 0.657673, 0.267479,
        ],
        [
            -1.059049, 23.160385, 40.936829, 1.0,
            -0.701671, -0.059988, 0.701414, 0.109897,
        ],
        [
            -1.042427, 23.608644, 39.110447, 1.0,
            -0.699024, 0.0845, 0.709188, -0.035743,
        ],
        [
            -1.06911, 23.385357, 37.807178, 1.0,
            0.697346, -0.098233, -0.708153, 0.050779,
        ],
        [
            -0.330059, 21.924932, 40.238255, 1.0,
            -0.721331, -0.608153, -0.31761, 0.094636,
        ],
        [
            -0.664948, -21.673409, 43.141159, 1.0,
            0.600254, 0.310893, 0.72424, 0.136078,
        ],
        [
            0.015216, -23.274015, 40.938446, 1.0,
            0.649961, 0.185579, 0.736961, -0.001089,
        ],
        [
            0.3127, -23.73361, 39.100243, 1.0,
            0.671184, 0.066259, 0.725762, -0.135612,
        ],
        [
            0.407192, -23.569805, 37.593933, 1.0,
            -0.675973, -0.006339, -0.706939, 0.207984,
        ],
        [
            -1.9478, -21.646311, 42.795952, 1.0,
            -0.69325, -0.135905, -0.660437, -0.254474,
        ],
        [
            -2.144652, -22.784708, 40.958851, 1.0,
            0.701775, 0.01331, 0.683374, 0.200833,
        ],
        [
            -2.254554, -23.275614, 39.361942, 1.0,
            0.692189, -0.094573, 0.709341, 0.093629,
        ],
        [
            -2.234541, -23.277109, 38.535831, 1.0,
            0.696272, -0.105088, 0.708251, 0.050429,
        ],
        [
            -0.024061, -21.406006, 43.274757, 1.0,
            0.534875, 0.40361, 0.740246, 0.055169,
        ],
        [
            1.184793, -22.877804, 41.132553, 1.0,
            0.625608, 0.233007, 0.742061, -0.060558,
        ],
        [
            1.585116, -23.262407, 39.307842, 1.0,
            0.657532, 0.114048, 0.718436, -0.196202,
        ],
        [
            1.661005, -23.090708, 38.019936, 1.0,
            -0.663049, -0.078162, -0.705822, 0.236796,
        ],
        [
            0.205685, -20.77581, 42.870754, 1.0,
            0.22036, 0.729814, 0.545819, -0.347701,
        ],
        [
            1.432622, -20.668308, 41.482349, 1.0,
            -0.373472, -0.666249, -0.460101, 0.452701,
        ],
        [
            1.892261, -20.788105, 40.083645, 1.0,
            -0.464783, -0.601463, -0.3968, 0.514556,
        ],
        [
            -1.281809, -21.727512, 43.026657, 1.0,
            0.657673, 0.267479, 0.6872, 0.153876,
        ],
        [
            -1.05904, -23.160416, 40.936848, 1.0,
            0.701414, 0.109896, 0.701671, 0.059988,
        ],
        [
            -1.042421, -23.60861, 39.110435, 1.0,
            0.709188, -0.035743, 0.699024, -0.0845,
        ],
        [
            -1.069111, -23.385307, 37.807144, 1.0,
            -0.708153, 0.050779, -0.697346, 0.098233,
        ],
        [
            -0.330068, -21.924883, 40.238209, 1.0,
            -0.608153, -0.721331, 0.094636, -0.31761,
        ],
        [
            1.863824, 5.80905, 1.294377, 1.0,
            0.706297, 0.081763, 0.080863, 0.698513,
        ],
        [
            -6.435291, 3.885636, 0.0, 1.0,
            0.435463, 0.557111, 0.55711, 0.435463,
        ],
        [
            1.863833, -5.809033, 1.29437, 1.0,
            -0.080863, -0.698513, 0.706297, 0.081763,
        ],
        [
            -6.435293, -3.88562, 0.0, 1.0,
            -0.559883, -0.431893, -0.431893, -0.559882,
        ],
        [
            0.0, 0.0, 0.0, 1.0,
            0.5, 0.5, 0.5, 0.5,
        ],
        [
            0.0, 0.0, 0.0, 1.0,
            0.5, 0.5, 0.5, 0.5,
        ],
    ]
    m_numBonesToSampleAtLowLOD = 28
    m_maskDefinitions = 
    [
        {
            m_ID = "UpperBody"
            m_primaryWeightList = 
            {
                m_skeletonName = resource_name:"animation/skeletons/characters/worldmodel.vnmskel"
                m_boneIDs = 
                [
                    "wpnHand_L",
                    "wpnHand_R",
                    "wpnTip",
                    "wpnEnd",
                    "wpnPivot",
                    "wpn",
                    "spine_0",
                ]
                m_weights = 
                [
                    1.0, 1.0, 1.0, 1.0,
                    1.0, 1.0, 1.0,
                ]
            }
            m_secondaryWeightLists = [  ]
        },
        {
            m_ID = "Flashed"
            m_primaryWeightList = 
            {
                m_skeletonName = resource_name:"animation/skeletons/characters/worldmodel.vnmskel"
                m_boneIDs = 
                [
                    "arm_upper_L",
                    "clavicle_L",
                    "spine_2",
                    "spine_3",
                    "neck_0",
                    "head_0",
                    "spine_0",
                    "spine_1",
                    "clavicle_R",
                ]
                m_weights = 
                [
                    1.0, 1.0, 0.7, 0.9,
                    1.0, 1.0, 0.1, 0.25,
                    0.2,
                ]
            }
            m_secondaryWeightLists = [  ]
        },
        {
            m_ID = "Flinch"
            m_primaryWeightList = 
            {
                m_skeletonName = resource_name:"animation/skeletons/characters/worldmodel.vnmskel"
                m_boneIDs = 
                [
                    "pelvis",
                    "spine_0",
                    "spine_1",
                    "spine_2",
                    "spine_3",
                    "neck_0",
                    "head_0",
                    "clavicle_L",
                    "arm_upper_L",
                    "arm_lower_L",
                    "hand_L",
                    "finger_middle_meta_L",
                    "finger_middle_0_L",
                    "finger_middle_1_L",
                    "finger_middle_2_L",
                    "finger_pinky_meta_L",
                    "finger_pinky_0_L",
                    "finger_pinky_1_L",
                    "finger_pinky_2_L",
                    "finger_index_meta_L",
                    "finger_index_0_L",
                    "finger_index_1_L",
                    "finger_index_2_L",
                    "finger_thumb_0_L",
                    "finger_thumb_1_L",
                    "finger_thumb_2_L",
                    "finger_ring_meta_L",
                    "finger_ring_0_L",
                    "finger_ring_1_L",
                    "finger_ring_2_L",
                    "attachHand_L",
                    "clavicle_R",
                    "arm_upper_R",
                    "arm_lower_R",
                    "hand_R",
                    "finger_middle_meta_R",
                    "finger_middle_0_R",
                    "finger_middle_1_R",
                    "finger_middle_2_R",
                    "finger_pinky_meta_R",
                    "finger_pinky_0_R",
                    "finger_pinky_1_R",
                    "finger_pinky_2_R",
                    "finger_index_meta_R",
                    "finger_index_0_R",
                    "finger_index_1_R",
                    "finger_index_2_R",
                    "finger_thumb_0_R",
                    "finger_thumb_1_R",
                    "finger_thumb_2_R",
                    "finger_ring_meta_R",
                    "finger_ring_0_R",
                    "finger_ring_1_R",
                    "finger_ring_2_R",
                    "attachHand_R",
                    "leg_upper_L",
                    "leg_lower_L",
                    "ankle_L",
                    "ball_L",
                    "attachFoot_L",
                    "leg_upper_R",
                    "leg_lower_R",
                    "ankle_R",
                    "ball_R",
                    "attachFoot_R",
                    "wpn",
                    "wpnHand_L",
                    "wpnHand_R",
                    "wpnTip",
                    "wpnEnd",
                    "wpnAimIntent",
                    "attachWorld",
                ]
                m_weights = 
                [
                    1.0, 1.0, 1.0, 1.0,
                    1.0, 1.0, 1.0, 1.0,
                    1.0, 1.0, 1.0, 1.0,
                    1.0, 1.0, 1.0, 1.0,
                    1.0, 1.0, 1.0, 1.0,
                    1.0, 1.0, 1.0, 1.0,
                    1.0, 1.0, 1.0, 1.0,
                    1.0, 1.0, 1.0, 1.0,
                    1.0, 1.0, 1.0, 1.0,
                    1.0, 1.0, 1.0, 1.0,
                    1.0, 1.0, 1.0, 1.0,
                    1.0, 1.0, 1.0, 1.0,
                    1.0, 1.0, 1.0, 1.0,
                    1.0, 1.0, 1.0, 1.0,
                    1.0, 1.0, 1.0, 1.0,
                    1.0, 1.0, 1.0, 1.0,
                    1.0, 0.0, 0.0, 0.0,
                    0.0, 0.0, 1.0, 1.0,
                ]
            }
            m_secondaryWeightLists = [  ]
        },
        {
            m_ID = "Breathing"
            m_primaryWeightList = 
            {
                m_skeletonName = resource_name:"animation/skeletons/characters/worldmodel.vnmskel"
                m_boneIDs = 
                [
                    "wpnPivot",
                    "wpnAimIntent",
                    "attachWorld",
                    "leg_upper_R",
                    "leg_upper_L",
                    "spine_0",
                ]
                m_weights = 
                [
                    0.0, 0.0, 0.0, 0.0,
                    0.0, 1.0,
                ]
            }
            m_secondaryWeightLists = [  ]
        },
        {
            m_ID = "Elite_Right"
            m_primaryWeightList = 
            {
                m_skeletonName = resource_name:"animation/skeletons/characters/worldmodel.vnmskel"
                m_boneIDs = 
                [
                    "wpn",
                    "wpnHand_L",
                    "wpnHand_R",
                    "wpnTip",
                    "wpnEnd",
                    "finger_middle_2_R",
                    "finger_middle_1_R",
                    "finger_middle_0_R",
                    "finger_pinky_2_R",
                    "finger_pinky_1_R",
                    "finger_pinky_0_R",
                    "finger_index_2_R",
                    "finger_index_1_R",
                    "finger_index_0_R",
                    "finger_thumb_2_R",
                    "finger_thumb_1_R",
                    "finger_ring_2_R",
                    "finger_ring_1_R",
                    "finger_ring_0_R",
                    "finger_middle_meta_R",
                    "finger_pinky_meta_R",
                    "finger_index_meta_R",
                    "finger_thumb_0_R",
                    "finger_ring_meta_R",
                    "attachHand_R",
                    "clavicle_R",
                    "arm_upper_R",
                    "arm_lower_R",
                    "hand_R",
                ]
                m_weights = 
                [
                    0.5, 0.0, 1.0, 0.0,
                    0.0, 1.0, 1.0, 1.0,
                    1.0, 1.0, 1.0, 1.0,
                    1.0, 1.0, 1.0, 1.0,
                    1.0, 1.0, 1.0, 1.0,
                    1.0, 1.0, 1.0, 1.0,
                    1.0, 1.0, 1.0, 1.0,
                    1.0,
                ]
            }
            m_secondaryWeightLists = 
            [
                {
                    m_skeletonName = resource_name:"animation/skeletons/weapons/elite.vnmskel"
                    m_boneIDs = 
                    [
                        "weapon_hand_r",
                    ]
                    m_weights = [ 1.0 ]
                },
            ]
        },
        {
            m_ID = "Defuse"
            m_primaryWeightList = 
            {
                m_skeletonName = resource_name:"animation/skeletons/characters/worldmodel.vnmskel"
                m_boneIDs = 
                [
                    "wpnHand_L",
                    "wpnHand_R",
                    "wpnTip",
                    "wpnEnd",
                    "wpnPivot",
                    "wpn",
                    "spine_0",
                ]
                m_weights = 
                [
                    1.0, 1.0, 1.0, 1.0,
                    1.0, 1.0, 1.0,
                ]
            }
            m_secondaryWeightLists = [  ]
        },
        {
            m_ID = "Defuse_Grenade"
            m_primaryWeightList = 
            {
                m_skeletonName = resource_name:"animation/skeletons/characters/worldmodel.vnmskel"
                m_boneIDs = 
                [
                    "spine_0",
                    "clavicle_R",
                ]
                m_weights = [ 1.0, 0.0 ]
            }
            m_secondaryWeightLists = [  ]
        },
        {
            m_ID = "ui_inventory_inspect"
            m_primaryWeightList = 
            {
                m_skeletonName = resource_name:"animation/skeletons/characters/worldmodel.vnmskel"
                m_boneIDs = 
                [
                    "wpnPivot",
                    "pelvis",
                    "neck_0",
                    "spine_0",
                    "spine_3",
                    "spine_2",
                    "spine_1",
                    "root_motion",
                    "arm_upper_L",
                    "arm_upper_R",
                ]
                m_weights = 
                [
                    0.0, 1.0, 0.0, 0.81,
                    0.1, 0.41, 0.61, 1.0,
                    0.0, 0.0,
                ]
            }
            m_secondaryWeightLists = [  ]
        },
        {
            m_ID = "UpperBody_Ladder"
            m_primaryWeightList = 
            {
                m_skeletonName = resource_name:"animation/skeletons/characters/worldmodel.vnmskel"
                m_boneIDs = 
                [
                    "wpnHand_L",
                    "wpnHand_R",
                    "wpnTip",
                    "wpnEnd",
                    "wpn",
                    "spine_3",
                ]
                m_weights = 
                [
                    1.0, 1.0, 1.0, 1.0,
                    1.0, 1.0,
                ]
            }
            m_secondaryWeightLists = [  ]
        },
        {
            m_ID = "Off"
            m_primaryWeightList = 
            {
                m_skeletonName = resource_name:"animation/skeletons/characters/worldmodel.vnmskel"
                m_boneIDs = 
                [
                    "root_motion",
                ]
                m_weights = [ 0.0 ]
            }
            m_secondaryWeightLists = [  ]
        },
        {
            m_ID = "c4_plant"
            m_primaryWeightList = 
            {
                m_skeletonName = resource_name:"animation/skeletons/characters/worldmodel.vnmskel"
                m_boneIDs = 
                [
                    "clavicle_R",
                    "clavicle_L",
                    "wpnPivot",
                ]
                m_weights = [ 1.0, 1.0, 1.0 ]
            }
            m_secondaryWeightLists = [  ]
        },
        {
            m_ID = "StutterStep"
            m_primaryWeightList = 
            {
                m_skeletonName = resource_name:"animation/skeletons/characters/worldmodel.vnmskel"
                m_boneIDs = 
                [
                    "root_motion",
                    "leg_lower_R",
                    "leg_lower_L",
                    "leg_upper_R",
                    "ankle_R",
                    "ankle_L",
                    "leg_upper_L",
                ]
                m_weights = 
                [
                    1.0, 0.8, 0.8, 0.9,
                    0.5, 0.5, 0.9,
                ]
            }
            m_secondaryWeightLists = [  ]
        },
    ]
    m_secondarySkeletons = 
    [
        {
            m_attachToBoneID = ""
            m_skeleton = resource:"animation/skeletons/weapons/elite.vnmskel"
        },
    ]
    m_bIsPropSkeleton = false
